%% 此脚本用于加载RNP AR飞行程序
% 飞行计划定义为：
%  航路点类型(0, IF; 1, TF; 2, RF), 航路点纬度、航路点经度、航路点高度、
%  航路点转弯方向(-1, 逆时针L；1, 顺时针R)、航路点转弯半径、圆心纬度、圆心经度、RNP要求
JiuZhaiHuangLong_RNPAR_FlightPlan =                           [  0,  32.6261,  103.5940,  1284.73,   0,    0,           0,             0,             0.3;
                                                                 1,  32.6693,  103.6087,  1284.73,   0,    0,            0,            0,             0.3;
                                                                 2,  32.7370,  103.6286,  922.63,    -1,    31750,    32.7714,  103.2921,             0.3;
                                                                 2,  32.8023,  103.6603,  503.83,     1,    14808,    32.7207,  103.7854,            0.3;
                                                                 2,  32.8202,  103.6709,  384.05,    -1,    5926,        32.8349,  103.6101,          0.3;
                                                                 1,  32.8661,  103.6865,  106.70,     0,     0,            0,            0,             0.3];

                                            
RNPAR_FlightPlan = JiuZhaiHuangLong_RNPAR_FlightPlan;